C M F I L V W Y A G T S Q N E D H R K P
C 106 -19 23 -16 8 -6 -8 -4 0 8 -19 2 -5 -13 -69 -3 19 -24 -71 0
M -19 -4 42 28 20 14 67 13 -25 -19 -19 -14 -46 -8 -44 -65 -99 -31 0 34
F 23 42 44 19 30 22 16 0 -3 -38 -31 -29 -49 -18 -27 -39 16 -41 -44 -20
I -16 28 19 22 41 25 -2 -11 22 -25 -14 -21 -36 -53 -35 -59 -49 -42 -36 -25
L 8 20 30 41 27 29 -9 -24 1 -23 -20 -25 -26 -30 -43 -67 -16 -35 -19 -42
V -6 14 22 25 29 29 7 -2 10 -16 -25 -18 -24 -50 -34 -58 -19 -30 -44 -9
W -8 67 16 -2 -9 7 12 4 9 -18 -22 -34 -8 -6 -29 -24 12 16 -22 28
Y -4 13 0 -11 -24 -2 4 6 -9 -14 -13 -9 20 20 10 0 34 25 21 33
A 0 -25 -3 22 1 10 9 -9 13 7 9 6 -8 -28 -26 -12 -34 -43 -14 -10
G 8 -19 -38 -25 -23 -16 -18 -14 7 38 26 16 6 14 -25 22 -20 4 -11 11
T -19 -19 -31 -14 -20 -25 -22 -13 9 26 -3 8 14 11 0 29 19 35 9 7
S 2 -14 -29 -21 -25 -18 -34 -9 6 16 8 20 14 14 26 31 5 -17 13 -1
Q -5 -46 -49 -36 -26 -24 -8 20 -8 6 14 14 -29 25 17 17 2 52 38 42
N -13 -8 -18 -53 -30 -50 -6 20 -28 14 11 14 25 53 32 30 24 14 33 18
E -69 -44 -27 -35 -43 -34 -29 10 -26 -25 0 26 17 32 3 15 45 74 97 10
D -3 -65 -39 -59 -67 -58 -24 0 -12 22 29 31 17 30 15 -4 39 72 76 -4
H 19 -99 16 -49 -16 -19 12 34 -34 -20 19 5 2 24 45 39 29 12 -22 21
R -24 -31 -41 -42 -35 -30 16 25 -43 4 35 -17 52 14 74 72 12 -11 -75 38
K -71 0 -44 -36 -19 -44 -22 21 -14 -11 9 13 38 33 97 76 -22 -75 -25 -11
P 0 34 -20 -25 -42 -9 28 33 -10 11 7 -1 42 18 10 -4 21 38 -11 -26
